%YAML:1.0
image_width: 640
image_height: 480


k1 : 0.11645589625795601
k2 : -0.2805423162634387
p1 : 0.0018763144307422188
p2 : 0.002231436963185138
k3 : 0.0

fx : 658.9686053230556
fy : 662.9395005428793
cx : 305.82001455317686
cy : 252.5114738799476